-9.387200000000001099e-01
-9.571200000000000818e-01
-9.816000000000000281e-01
-9.969600000000000684e-01
-9.960000000000001075e-01
-9.956000000000000405e-01
-9.961600000000000454e-01
-9.936000000000000387e-01
-9.948000000000001286e-01
-9.904000000000000581e-01
-9.894400000000000972e-01
-9.880000000000001004e-01
-9.862400000000001166e-01
-9.756000000000001338e-01
-9.774400000000000865e-01
-9.828000000000001180e-01
-9.772000000000000686e-01
-9.704000000000000403e-01
-9.652800000000000269e-01
-9.675200000000000466e-01
-9.647200000000001330e-01
-9.558400000000000230e-01
-9.412000000000000366e-01
-9.532000000000000473e-01
-9.497600000000000486e-01
-9.408000000000000806e-01
-9.215200000000001168e-01
-9.420800000000000285e-01
-8.989600000000000923e-01
-8.961600000000000676e-01
-9.100000000000000311e-01
-8.945600000000000218e-01
-8.926400000000001000e-01
-8.616000000000000325e-01
-8.783200000000001006e-01
-8.575200000000000600e-01
-8.363200000000000633e-01
-8.236000000000001098e-01
-8.042400000000000659e-01
-7.800000000000000266e-01
-7.904800000000000715e-01
-7.400800000000000711e-01
-7.055200000000000360e-01
-6.812000000000000277e-01
-6.856800000000000672e-01
-6.728800000000000336e-01
-6.278400000000000647e-01
-6.168000000000000149e-01
-5.610400000000000942e-01
-5.741600000000000037e-01
-5.356800000000000450e-01
-5.258400000000000851e-01
-5.150400000000000533e-01
-5.395199999999999996e-01
-4.934400000000000452e-01
-5.230400000000000604e-01
-4.947200000000000486e-01
-4.869600000000000595e-01
-4.616800000000000348e-01
-4.716800000000000437e-01
-4.529600000000000293e-01
-4.424000000000000155e-01
-4.169600000000000528e-01
-4.339200000000000279e-01
-4.319200000000000261e-01
-4.217600000000000238e-01
-4.195200000000000595e-01
-4.109600000000000475e-01
-3.956800000000000317e-01
-4.062400000000000455e-01
-3.793600000000000305e-01
-3.645600000000000507e-01
-3.763200000000000434e-01
-3.714400000000000479e-01
-3.663200000000000345e-01
-3.594400000000000373e-01
-3.566400000000000126e-01
-3.575200000000000045e-01
-3.404800000000000049e-01
-3.444800000000000084e-01
-3.421600000000000197e-01
-3.331200000000000272e-01
-3.227200000000000069e-01
-3.301600000000000090e-01
-3.421600000000000197e-01
-3.216000000000000525e-01
-3.108000000000000207e-01
-3.049600000000000088e-01
-3.043200000000000349e-01
-3.052000000000000268e-01
-3.188000000000000278e-01
-3.146400000000000308e-01
-2.956000000000000294e-01
-2.908800000000000274e-01
-2.856800000000000450e-01
-2.946400000000000130e-01
-2.875199999999999978e-01
-2.846400000000000041e-01
-2.755200000000000427e-01
-2.879200000000000093e-01
