4.623200000000000642e-01
6.921600000000001085e-01
9.560000000000000719e-01
9.984800000000000342e-01
9.979200000000000292e-01
9.977600000000000913e-01
9.980000000000001092e-01
9.964800000000000324e-01
9.973600000000001353e-01
9.948800000000000976e-01
9.944000000000000616e-01
9.936000000000000387e-01
9.925600000000001089e-01
9.864000000000000545e-01
9.877600000000000824e-01
9.904000000000000581e-01
9.879200000000001314e-01
9.831200000000001049e-01
9.796800000000001063e-01
9.817600000000000771e-01
9.804000000000000492e-01
9.722400000000001041e-01
9.648800000000000709e-01
9.735200000000000520e-01
9.698400000000000354e-01
9.651200000000000889e-01
9.472800000000001219e-01
9.671200000000000907e-01
9.341600000000001014e-01
9.282400000000000651e-01
9.457600000000000451e-01
9.351200000000000623e-01
9.324800000000000866e-01
9.029600000000000959e-01
9.212800000000000988e-01
8.963200000000001166e-01
8.828000000000000291e-01
8.653600000000000181e-01
8.384000000000000341e-01
8.116800000000000681e-01
8.391200000000000880e-01
7.193600000000001105e-01
6.836800000000000654e-01
6.410400000000000542e-01
6.487200000000000744e-01
6.366400000000000947e-01
4.686400000000000565e-01
4.032800000000000273e-01
1.404000000000000248e-01
3.912000000000000199e-02
-1.268800000000000205e-01
3.512000000000000538e-02
2.816000000000000100e-02
-1.008000000000000146e-01
-1.901600000000000235e-01
-1.345600000000000129e-01
-8.896000000000001129e-02
2.400000000000000189e-01
-1.021600000000000147e-01
-6.456000000000000627e-02
-1.072000000000000036e-02
9.488000000000000600e-02
9.600000000000001327e-04
8.880000000000000740e-03
3.608000000000000096e-02
8.424000000000000932e-02
6.112000000000000766e-02
5.520000000000000601e-03
-1.208000000000000046e-02
1.260799999999999976e-01
-3.648000000000000548e-02
-7.280000000000000880e-03
-1.392000000000000182e-02
2.400000000000000223e-03
7.776000000000000967e-02
5.560000000000000359e-02
-5.264000000000000623e-02
2.592000000000000207e-02
-4.720000000000000237e-03
-9.440000000000000474e-03
3.256000000000000560e-02
1.696000000000000285e-02
-4.704000000000000542e-02
-5.064000000000000445e-02
3.776000000000000190e-02
-1.256000000000000172e-02
-3.200000000000000067e-02
-4.472000000000000280e-02
2.816000000000000100e-02
-6.384000000000000785e-02
-7.536000000000001031e-02
2.848000000000000184e-02
5.920000000000000782e-03
-2.936000000000000068e-02
3.336000000000000076e-02
-7.520000000000000642e-03
1.088000000000000078e-02
-2.992000000000000215e-02
-3.472000000000000086e-02
-4.320000000000000229e-02
