5.824000000302476110e-03
9.103889273504398374e-03
4.466233469430912206e-02
1.016400000032212717e-02
5.600116873960988249e-03
2.057335180108265174e-02
1.461737278127684010e-02
1.393920000040083096e-02
3.011107674031351586e-02
6.716734694044376036e-03
1.202435045988214067e-02
3.131999999996536860e-02
7.430798222242930573e-02
3.429629489626772471e-02
4.745259574481237863e-02
2.075906250024850408e-02
3.588574760531420410e-02
2.021184000007670081e-02
2.682264359886660579e-02
5.080281656834926413e-02
6.233313492351801044e-02
1.139849876543958529e-01
3.297600000007150367e-02
9.414849489791840553e-02
5.371461495864060520e-02
5.003443519632497921e-02
9.214548003442901702e-02
9.275376000008574151e-02
1.759772491267258543e-01
1.020600374610243499e-01
8.571519274383346265e-02
5.528376562506520653e-02
4.353319384618776350e-02
1.537600000000338696e-01
6.718467721100503109e-02
1.390792422146185370e-01
8.931218147454712819e-02
2.624445551020665457e-01
5.869409720298935512e-02
6.372666666669010715e-02
1.002770981422973912e-01
9.064871000737381723e-02
5.020899840001076531e-02
1.482518144044623065e-01
1.427333877551453523e-01
6.200068639052245395e-02
7.564824611442522162e-02
5.466780000001959794e-02
1.036808998628567235e-01
8.370205591912432963e-02
8.185663173174922980e-02
1.224841020408229258e-01
8.541015695502936211e-02
6.079081882100298428e-02
4.142717717004412714e-02
4.773600000000575300e-02
6.776024441359157491e-02
1.640458844444494801e-01
8.064780775269632385e-02
4.101556899813076779e-02
7.497416857441757676e-02
2.062641919421630277e-02
3.717634836565513606e-02
8.236318750000659605e-02
7.686819173132358740e-02
1.301103273636087521e-01
1.029404444444518563e-01
4.499051040000093954e-02
3.491973884913455312e-02
2.819593079585605566e-02
6.509733848619937702e-02
1.098037411242659689e-01
6.628864000000136980e-02
4.081675898896858223e-02
3.617355716657242454e-02
6.196544444445121341e-02
4.704084033330525189e-02
3.851856000000338648e-02
3.852767275383938567e-02
6.034504591836863802e-02
5.330087430496249085e-02
7.210929639889233911e-02
1.816048514178310661e-02
2.861829845422480742e-02
8.350002366864472947e-02
3.441252513645931543e-02
4.122527505119900904e-02
5.836556000000343858e-02
5.991352066116011760e-02
3.744333781241878517e-02
4.816966091612262524e-02
2.728845889698308311e-02
2.362415616000100582e-02
1.161600000000162676e-02
2.736266947734007984e-02
7.346602441406503703e-02
2.873530773391117996e-02
1.117198011834440868e-02
2.569179511683489930e-02
4.380900000000131911e-02
