2.139040000000704822e-01
2.012611764700308892e-02
6.776502857145715319e-01
2.772000000504704510e-03
1.769513513912947256e-03
5.780210526728822920e-03
5.212307692230611599e-03
5.860800000209564348e-03
1.005775609778871392e-02
2.564571428885236218e-03
4.174883721208421002e-03
1.224000000047453622e-02
3.145706666694726011e-02
1.721739130459315134e-02
1.888442553244919914e-02
1.342000000019538675e-02
1.819983673498872662e-02
1.276704000018071515e-02
2.385317647068565389e-02
3.448246153884436394e-02
3.551547169820210015e-02
1.095208888891647941e-01
3.099840000031690510e-02
6.853628571462877517e-02
4.965978947388736964e-02
4.573572413811422682e-02
4.894291525453686731e-02
6.467120000029352722e-02
2.444466885246628363e-01
7.903819354852026358e-02
8.075885714309888330e-02
2.548425000014020725e-02
8.386264615405357448e-02
2.617680000000746077e-01
8.262017910463111126e-02
1.947698823531040790e-01
8.742608695654227602e-02
8.031709714285886204e-01
1.381723943663031862e-01
4.373893333334801237e-01
2.572661917808907184e-01
4.075303783784334777e-01
5.691417600000933108e-01
5.834469473684803509e-01
1.437730285714321266e+00
7.009944615384929856e-01
2.543489620253467365e-01
2.566674000000304656e-01
5.966074074074122491e-01
3.754530731707320657e-01
4.189902650602432832e-01
2.775080000000001434e-01
3.298198588235295436e-01
2.412960000000002214e+00
4.068695172413827610e-01
4.002960000000025942e-01
3.295906516853941981e-01
1.852693333333340187e+00
2.496163516483528022e-01
7.829379130434789280e-01
7.590936774193548509e-01
3.199680000000013624e-01
2.535289263157894935e-01
5.875595000000000123e-01
1.022844865979381845e+00
8.584902857142866495e-01
6.735146666666669280e-01
4.027003200000000560e-01
3.971448712871287756e-01
7.181007058823545286e-01
4.720422524271846165e-01
7.020826153846154716e-01
1.888932571428572071e-01
3.383184905660377439e-01
2.412811962616830119e-01
5.122822222222225275e-01
5.124797064220185661e-01
9.978432000000001523e-01
6.122374054054053882e-01
2.640754285714285721e-01
3.120386548672567928e-01
4.654551578947369594e-01
2.007134608695653744e-01
1.791604137931036289e-01
5.991942564102566982e-01
9.553265084745764524e-01
1.777718319327731500e+00
3.322396000000004679e-01
1.511389090909091293e-01
7.907708852459014448e-01
2.295280390243902957e+00
4.174776774193548756e-01
7.932840960000000496e-01
6.830518095238096166e-01
4.414454173228348211e-01
9.486840000000000828e-01
5.646898604651163778e-01
4.216039384615384855e-01
3.847709312977099505e-01
5.480800000000001226e-01
