-8.868800000000001127e-01
-9.072000000000001174e-01
-9.208000000000000629e-01
-9.332000000000000295e-01
-9.292000000000000259e-01
-9.376000000000001000e-01
-9.392000000000000348e-01
-9.417600000000000415e-01
-9.361600000000001032e-01
-9.449600000000000222e-01
-9.404800000000000937e-01
-9.396800000000000708e-01
-9.389600000000001279e-01
-9.323200000000000376e-01
-9.323200000000000376e-01
-9.464800000000000990e-01
-9.400000000000000577e-01
-9.392800000000001148e-01
-9.230400000000000826e-01
-9.501600000000001156e-01
-9.440000000000000613e-01
-9.556800000000000850e-01
-9.504000000000000226e-01
-9.437600000000000433e-01
-9.252800000000001024e-01
-9.352800000000001113e-01
-9.301600000000000978e-01
-9.269600000000001172e-01
-8.957600000000001117e-01
-9.296800000000000619e-01
-8.920800000000000951e-01
-8.946400000000001018e-01
-8.755200000000000760e-01
-8.557600000000000762e-01
-8.490400000000000169e-01
-8.662400000000001210e-01
-8.353600000000001025e-01
-7.992800000000001015e-01
-7.619200000000000417e-01
-7.938400000000001011e-01
-7.996000000000000885e-01
-7.540000000000001146e-01
-6.992000000000000437e-01
-7.162400000000000988e-01
-7.056800000000000850e-01
-6.543200000000000127e-01
-6.326400000000000912e-01
-5.593600000000000794e-01
-5.616800000000000681e-01
-5.436000000000000831e-01
-5.512799999999999923e-01
-5.444800000000000750e-01
-5.231200000000000294e-01
-5.176000000000000600e-01
-5.059200000000000363e-01
-4.679200000000000581e-01
-4.803200000000000247e-01
-4.909600000000000630e-01
-4.512000000000000455e-01
-4.472000000000000419e-01
-4.474400000000000599e-01
-4.631200000000000316e-01
-4.353600000000000247e-01
-4.358400000000000607e-01
-4.602400000000000380e-01
-3.876800000000000246e-01
-4.123200000000000198e-01
-4.110400000000000165e-01
-3.969600000000000350e-01
-3.816000000000000503e-01
-3.752800000000000580e-01
-3.599200000000000177e-01
-3.756000000000000449e-01
-3.716000000000000414e-01
-3.621600000000000374e-01
-3.671200000000000574e-01
-3.588800000000000323e-01
-3.556000000000000272e-01
-3.477600000000000136e-01
-3.401600000000000179e-01
-3.424800000000000066e-01
-3.352800000000000225e-01
-3.520000000000000351e-01
-3.424000000000000377e-01
-3.200000000000000067e-01
-3.130400000000000404e-01
-3.042400000000000104e-01
-3.108800000000000452e-01
-3.105600000000000027e-01
-3.074400000000000466e-01
-3.092000000000000304e-01
-2.928000000000000047e-01
-3.095200000000000173e-01
-3.002400000000000069e-01
-2.925600000000000422e-01
-2.867999999999999994e-01
-2.839200000000000057e-01
-2.924000000000000488e-01
-2.872000000000000108e-01
-2.765600000000000280e-01
