2.582400000000000251e-01
3.235200000000000298e-01
3.892800000000000149e-01
4.505600000000000160e-01
4.657600000000000628e-01
4.913600000000000190e-01
5.227200000000000735e-01
5.632000000000000339e-01
6.236800000000000122e-01
6.616000000000000769e-01
6.496000000000000663e-01
6.572800000000000864e-01
6.668800000000000283e-01
6.910400000000000986e-01
7.268800000000000816e-01
7.486400000000000832e-01
7.496000000000000441e-01
7.827200000000000824e-01
8.083200000000000385e-01
8.907200000000000673e-01
9.190400000000000791e-01
9.732800000000000340e-01
9.697600000000000664e-01
9.688000000000001055e-01
9.560000000000000719e-01
9.624000000000000332e-01
9.585600000000000787e-01
9.539200000000001012e-01
9.316800000000000637e-01
9.595200000000000395e-01
9.312000000000000277e-01
9.334400000000000475e-01
9.139200000000000657e-01
8.872000000000000997e-01
8.857600000000001028e-01
9.112000000000001210e-01
8.784000000000000696e-01
8.190400000000001013e-01
8.019200000000000772e-01
8.072000000000000286e-01
8.355200000000000404e-01
7.619200000000000417e-01
6.744000000000001105e-01
7.296000000000000263e-01
7.324800000000000200e-01
6.118400000000000505e-01
5.169600000000000861e-01
2.284800000000000164e-01
2.057600000000000262e-01
7.216000000000000192e-02
-3.680000000000000111e-03
-1.536000000000000212e-02
-3.872000000000000441e-02
-1.747200000000000142e-01
-1.078400000000000053e-01
-3.504000000000000170e-02
1.536000000000000212e-02
1.267199999999999993e-01
-8.960000000000001297e-02
-8.528000000000000858e-02
5.856000000000000788e-02
5.312000000000000749e-02
3.200000000000000262e-04
-8.064000000000000334e-02
-1.480000000000000204e-01
4.816000000000000142e-02
3.040000000000000167e-03
6.288000000000000533e-02
-2.720000000000000195e-03
3.151999999999999941e-02
-4.128000000000000419e-02
4.496000000000000690e-02
2.736000000000000237e-02
-7.408000000000000695e-02
4.064000000000000251e-02
2.432000000000000134e-02
-8.560000000000000941e-02
4.448000000000000564e-02
1.136000000000000031e-02
-6.880000000000000004e-02
1.728000000000000022e-02
1.280000000000000105e-03
-3.344000000000000444e-02
4.080000000000000293e-02
-2.400000000000000223e-03
-5.760000000000000536e-02
1.328000000000000187e-02
-2.736000000000000237e-02
3.760000000000000148e-02
3.520000000000000125e-03
-1.424000000000000092e-02
-4.640000000000000374e-02
-4.464000000000000606e-02
3.456000000000000044e-02
-6.560000000000000726e-03
-5.920000000000000782e-03
9.919999999999999998e-03
-4.464000000000000606e-02
-9.120000000000001369e-03
-2.112000000000000335e-02
