1.798400000052424730e-02
2.110173010622029641e-03
1.422367346945567490e-02
6.520555555523642639e-03
3.881899196459875131e-03
5.309252077875754872e-03
2.062011834648448758e-03
4.094640000185448964e-03
5.348473527710033947e-03
3.318857142899940289e-03
1.545449432241056487e-03
5.076000000229894879e-03
2.417848889142785226e-03
3.820763705286973812e-03
1.044335717550320952e-02
8.538062500152321377e-03
3.628488130066308878e-03
4.802054400157431541e-03
4.930435986277147999e-03
1.289401775170770370e-02
3.597693129311655899e-03
1.615723456786697862e-02
6.566400000119756650e-03
8.006372449136415007e-03
1.879153462615045997e-02
7.712347205667620560e-03
1.552192588344253159e-02
2.139764000003764946e-02
7.633126148890689855e-02
1.835321956299637916e-02
2.005801360552036255e-02
1.165995703131184058e-02
1.329585230782190028e-02
1.100840000000289365e-01
3.858587302299143484e-02
1.181696885817677331e-02
1.168773081285507942e-01
5.991366857145583036e-02
1.013571465979061365e-01
5.203336111118676138e-02
5.043445299308162155e-02
2.158908692478746227e-02
2.725888000002451780e-02
2.015404155129056282e-02
6.144685714290823442e-02
5.787666272191743094e-02
2.037946329114018740e-01
9.037611000001027906e-02
2.346809108367819141e-01
5.432691255206245629e-02
2.723748816955414917e-02
7.582008163267076051e-02
5.471738906576045086e-02
4.560960519200989161e-02
8.725581926279298017e-02
9.978524999999290046e-02
2.259642691579546447e-01
3.446295111113082538e-02
5.277067020891755555e-02
1.945378071833722133e-01
5.681283662851761146e-02
4.576659302852239403e-02
1.929864864266807312e-02
6.385775000000593060e-02
2.629803634817710553e-02
2.613237151188108065e-02
8.526933333334024701e-02
5.052263040001126609e-02
5.830660366631358615e-02
1.375631833910077317e-01
1.791671373362504691e-02
1.110087292899489125e-01
6.398282448980205372e-02
6.395985048060354172e-02
1.026675224037111311e-01
9.845665432098961445e-02
6.086740981399357125e-02
5.029200000000173115e-02
2.890706793279505457e-02
5.447222448979549547e-02
1.050829991385390932e-01
6.139023822715049955e-02
2.951210586011953144e-02
1.032024970273516945e-01
3.945825115056184745e-02
9.661785693768496636e-03
3.890716079373077868e-02
5.118784000000391882e-02
4.662267768595184519e-02
5.050314324106874864e-02
3.036444973230446182e-02
7.220715920916115360e-02
9.408290918400462333e-02
3.924790022676021700e-02
1.410966978734196076e-02
6.204854003906543070e-02
3.096029421309043697e-02
3.324478579881802454e-02
2.593141192238338985e-02
2.898100000000169985e-02
