7.065600000001381886e-02
8.448000000022241537e-03
3.143862857148178869e-02
1.666133333336953723e-02
1.877967567571505597e-02
1.161599999999464797e-02
1.954953846152945526e-02
5.280000000081486004e-03
1.524760975612424879e-02
4.274285714391875581e-03
1.571720930225405100e-02
1.708800000017162909e-02
5.988693333336717051e-02
4.816278260878077006e-02
3.599387234054758633e-02
1.623600000012004330e-02
4.525714285925775369e-03
1.250304000024698298e-02
3.130729411775653309e-02
1.628676923091741668e-02
7.332226415269790624e-03
2.037688888913180563e-02
2.649600000131613255e-03
8.485714285995982209e-03
1.500631578976122267e-02
1.110620689671342441e-02
9.629288135699225898e-03
6.899200000339078022e-03
1.129054426232645597e-01
1.842890322599223182e-02
1.408000000018156707e-02
6.072000000145294507e-03
1.351680000004237651e-02
1.006400000002258821e-01
9.406280597019434087e-02
1.444235294134694689e-02
1.469217391305273623e-01
7.811382857165492799e-02
1.968027042253838177e-01
9.284000000008064968e-02
1.456990684932674973e-01
1.060566486486691773e-01
4.354944000000705584e-01
1.106021052632160800e-01
1.470171428582034423e-02
2.762929230769679001e-01
1.547641518987828424e-01
3.388704000000017924e-01
7.645961481481514666e-01
3.106932292682928587e+00
1.616850506024096301e+00
2.696320000000000383e-01
4.873999058823529906e-01
1.599618976744187959e+00
1.646874482758623470e-01
1.801656000000000368e+00
2.255331235955055913e-01
7.578794666666690549e-01
9.302083516483530268e-01
6.561203478260874133e-01
3.225682580645166109e-01
6.510352340425535900e-01
1.532111494736842161e+00
1.658888000000000584e+00
9.907892783505183321e-01
2.001874285714286827e-01
9.653120000000000589e-01
9.554899200000006587e-01
1.840367524752475614e-01
2.031681882352941670e+00
4.903940970873787997e-01
2.007801230769231449e+00
1.248473600000000072e+00
7.165059622641513082e-01
1.816398953271028072e+00
7.402951111111113480e-01
5.736308256880732204e-01
2.908339200000000346e+00
2.806296216216216943e-01
4.386171428571429276e-01
2.933624070796460592e-01
4.968016842105263398e-01
3.608581565217394149e-01
2.855751724137934322e-01
6.723200000000000287e-01
1.934448813559322966e+00
1.003129008403361500e+00
3.310384000000001214e-01
6.996654545454547014e-01
5.729405901639345045e-01
1.528693073170731775e+00
7.684954838709677771e-01
1.465711104000000153e+00
2.588708571428572358e-01
5.176728188976378320e-01
1.092976500000000240e+00
1.579186604651163117e+00
4.537388307692306610e-01
5.175367328244273590e-01
2.069760000000000488e-01
