-9.271200000000000552e-01
-9.365600000000000591e-01
-9.448000000000000842e-01
-9.452000000000000401e-01
-9.462400000000000810e-01
-9.396000000000001018e-01
-9.360000000000000542e-01
-9.406400000000000317e-01
-9.340000000000000524e-01
-9.358400000000001162e-01
-9.344800000000000884e-01
-9.266400000000001302e-01
-9.292800000000001059e-01
-9.196800000000000530e-01
-9.205600000000000449e-01
-9.133600000000000607e-01
-9.208800000000000319e-01
-9.138400000000000967e-01
-9.149600000000001065e-01
-8.960800000000000987e-01
-9.008800000000001251e-01
-8.856000000000000538e-01
-9.007200000000000761e-01
-8.855200000000000848e-01
-8.796800000000000175e-01
-8.512800000000000367e-01
-8.596000000000000307e-01
-8.479200000000001181e-01
-8.408800000000000718e-01
-8.591200000000001058e-01
-8.344800000000001106e-01
-8.065600000000000547e-01
-8.116000000000000991e-01
-8.153600000000000847e-01
-8.355200000000000404e-01
-8.538400000000000434e-01
-8.287200000000001232e-01
-8.230400000000001048e-01
-8.236800000000000788e-01
-7.989600000000001145e-01
-7.774400000000000199e-01
-7.680800000000000960e-01
-7.068800000000000638e-01
-7.157600000000000628e-01
-6.753600000000000714e-01
-6.381600000000000605e-01
-5.723200000000000509e-01
-5.672800000000000065e-01
-5.855200000000000404e-01
-5.568800000000000416e-01
-5.566400000000000237e-01
-5.767200000000000104e-01
-5.375199999999999978e-01
-5.022400000000000198e-01
-4.970400000000000373e-01
-4.861600000000000366e-01
-5.165600000000000191e-01
-4.704000000000000403e-01
-4.732800000000000340e-01
-4.522400000000000309e-01
-4.577600000000000557e-01
-4.236800000000000566e-01
-4.414400000000000546e-01
-4.151200000000000445e-01
-4.084800000000000098e-01
-4.186400000000000121e-01
-4.064800000000000080e-01
-3.954400000000000137e-01
-3.859200000000000408e-01
-3.715200000000000169e-01
-3.898400000000000198e-01
-3.669600000000000084e-01
-3.767200000000000548e-01
-3.672800000000000509e-01
-3.696800000000000086e-01
-3.512800000000000367e-01
-3.492000000000000104e-01
-3.625600000000000489e-01
-3.554400000000000337e-01
-3.296800000000000286e-01
-3.326400000000000468e-01
-3.420000000000000262e-01
-3.352000000000000535e-01
-3.322400000000000353e-01
-3.237600000000000477e-01
-3.347200000000000175e-01
-3.220000000000000084e-01
-3.112000000000000322e-01
-3.195200000000000262e-01
-3.076000000000000401e-01
-2.934400000000000341e-01
-2.966400000000000148e-01
-3.092000000000000304e-01
-3.049600000000000088e-01
-3.015200000000000102e-01
-2.922399999999999998e-01
-2.783200000000000118e-01
-2.810400000000000120e-01
-2.802400000000000446e-01
-2.932800000000000407e-01
