1.282400000000000206e-01
9.616000000000000936e-02
1.729600000000000026e-01
2.090400000000000036e-01
1.388000000000000067e-01
1.732000000000000206e-01
1.686400000000000121e-01
1.996000000000000274e-01
9.144000000000000739e-02
2.020800000000000096e-01
2.481600000000000195e-01
2.280800000000000050e-01
1.702400000000000024e-01
1.684000000000000219e-01
1.164800000000000141e-01
9.440000000000001168e-02
9.704000000000000126e-02
-9.919999999999999998e-03
5.208000000000000129e-02
-5.664000000000000284e-02
3.144000000000000267e-02
5.720000000000000778e-02
6.720000000000000973e-02
1.555200000000000193e-01
2.370400000000000285e-01
2.777600000000000069e-01
1.583200000000000163e-01
-4.552000000000000490e-02
-9.000000000000001055e-02
-1.237600000000000089e-01
-8.888000000000000067e-02
-1.729600000000000026e-01
-4.168800000000000283e-01
-5.772800000000000153e-01
-7.826400000000001134e-01
-9.033600000000000518e-01
-8.710400000000000365e-01
-8.700800000000000756e-01
-8.706400000000000805e-01
-8.334400000000000697e-01
-8.024000000000001132e-01
-8.106400000000000272e-01
-6.825600000000000556e-01
-7.471200000000000063e-01
-3.721600000000000463e-01
-3.677600000000000313e-01
-2.040000000000000147e-01
-3.840000000000000357e-02
-3.230400000000000493e-01
-8.640000000000000110e-03
-8.432000000000000606e-02
-3.880000000000000115e-02
-1.296800000000000175e-01
-1.354400000000000048e-01
-4.944000000000000478e-02
1.120800000000000129e-01
1.644800000000000151e-01
7.552000000000000379e-02
2.352000000000000271e-02
2.904000000000000331e-02
-6.032000000000000556e-02
2.184000000000000177e-02
3.480000000000000454e-02
7.616000000000000547e-02
1.196000000000000119e-01
-1.321599999999999997e-01
5.760000000000000363e-03
5.856000000000000788e-02
4.800000000000000100e-02
-3.792000000000000232e-02
2.744000000000000258e-02
-1.784000000000000169e-02
-4.552000000000000490e-02
-2.656000000000000374e-02
-3.256000000000000560e-02
6.144000000000000850e-02
-1.896000000000000116e-02
-2.160000000000000114e-02
1.896000000000000116e-02
-3.200000000000000067e-02
-4.608000000000000290e-02
-9.760000000000001313e-03
8.952000000000000235e-02
1.944000000000000242e-02
2.168000000000000135e-02
5.976000000000000756e-02
7.919999999999999957e-03
3.912000000000000199e-02
2.640000000000000333e-02
5.536000000000000643e-02
7.200000000000000670e-03
3.208000000000000435e-02
7.376000000000000612e-02
-4.504000000000000364e-02
2.400000000000000050e-02
4.488000000000000322e-02
2.936000000000000068e-02
1.704000000000000306e-02
-2.640000000000000419e-03
1.856000000000000011e-02
