3.663999999844236299e-03
1.237465743990428559e-02
2.560261224493936075e-02
2.346055555593315120e-02
1.420393279797488827e-02
1.719473684190443025e-02
7.331597633184126252e-03
1.019304000026408953e-02
1.870929208823675013e-02
2.504946938767706882e-02
3.777869983798382014e-02
1.116900000019427006e-02
6.267477333356509528e-02
6.574348582225131299e-02
3.218983431427616115e-02
5.929756250010065344e-02
2.270707871741663511e-02
5.116383360017517229e-02
5.614400000009501374e-02
1.243006508887517514e-02
4.769424563910044934e-02
8.604444444449867169e-02
5.120064000006094990e-02
4.572133163281121015e-02
6.823729639899892008e-02
1.693194292517871333e-02
3.536356219482880703e-02
1.346923600001229959e-01
5.754462133839561427e-02
8.580096149850340026e-02
5.087597278918127436e-02
1.537191562500564435e-01
1.362989822490015372e-02
4.350400000004128742e-02
6.701001024731571831e-02
1.379525605539395558e-02
1.471542986767646333e-01
6.726375183675026292e-02
8.587221900422065124e-02
8.080447222225949078e-02
2.573088954776477921e-01
5.221154419282845321e-02
1.197656064000351961e-01
4.202785844875208121e-01
4.683232653064341861e-02
8.821114792900512647e-02
1.899581733697213934e-02
2.967770025000202594e-01
8.755553360770422511e-02
6.086739083879934981e-02
7.293343939615246074e-02
4.328589795920920885e-02
8.968597038065209692e-02
9.695810492159798177e-02
8.711079191440453118e-02
1.227172500000008465e-01
9.019081227118093402e-02
8.161315555556862555e-02
1.170381084410280076e-01
4.002126465028454927e-02
8.166253485952738866e-02
5.873205251245483538e-02
1.207729356232837836e-01
7.949889062500420378e-02
3.004431671805117207e-02
1.214473119533590467e-01
2.814044444445723894e-02
5.074043040001229715e-02
5.750039564748843368e-02
5.771825605536898274e-02
6.188648732208952563e-02
7.967903698224994280e-02
3.848135836734826315e-02
4.569845639017817290e-02
3.736062328587706066e-02
5.047492592592933702e-02
3.684689840922359544e-02
1.566144000000463041e-02
6.969175748722278296e-02
4.748956760204763733e-02
4.769937692850020894e-02
1.990299168975217733e-02
3.549357731568964641e-02
2.859240071344100811e-02
3.696474424720506274e-02
6.082132260844708843e-02
3.138190240802517933e-02
1.118040000000231765e-02
6.798228099173546368e-02
5.931113679118770604e-02
3.655020582986365923e-02
3.958928616025184088e-02
6.156108288000291390e-02
5.774635827664642562e-02
4.475534106268301560e-02
2.301469628906323284e-02
1.535921254732432011e-02
3.441600852071222127e-02
1.285503548744383953e-02
3.222400000000114062e-02
