1.827360000000055607e-01
4.528376470588453551e-02
6.118765714286139579e-02
7.276133333334300346e-02
6.485837837838186182e-02
1.251221052631723285e-01
5.437046153846180480e-02
1.970100000000097884e-01
1.383231219512209564e-01
8.805028571428863415e-02
4.243646511629969864e-02
6.322800000002358478e-02
2.733397333333357215e-01
1.263182608695644360e-01
1.099138723404331913e-01
1.166660000000002917e+00
1.116450612244928864e-01
6.276864000000001442e-02
5.392847058823607015e-02
2.596947692307708389e-01
4.082635471698118357e-01
1.586444444444459756e-01
6.366720000000014590e-01
4.868914285714863455e-02
2.710492631579110578e-01
1.265015172413865574e-01
5.914494915254712992e-02
2.200792000000005022e-01
1.054701639344271941e-01
3.260059354838710233e-01
2.575382857142857751e-01
4.230270000000044828e-01
1.436891076923424992e-01
2.579520000001025437e-01
1.297225074627395280e-01
5.447717647064444224e-02
1.877537391304169578e-01
1.525467428571346540e-01
1.338665915493877645e-01
3.242506666667092641e-01
9.344876712329601709e-01
5.908605405413157319e-02
1.337318400000094831e-01
6.171277894737123848e-01
2.291382857143032248e-01
4.699267692307824706e-01
9.109670886076030039e-01
1.443288000000000126e+00
1.674998518518514556e-01
9.994396097560975800e-01
4.364206265060248113e-01
3.547971428571431440e-01
4.568690823529458767e-01
1.275856744186069924e-01
5.561357241379313310e-01
1.564140000000020236e-01
2.847189573033710452e+00
5.031488000000009508e-01
3.927159560439560937e-01
7.890213913043480076e-01
1.860058838709677476e+00
2.928608170212766648e+00
2.473624421052631472e+00
1.374648000000001424e+00
3.658169072164970670e-01
1.155005387755104973e+00
4.539520000000000222e-01
1.779148800000003305e-01
3.957386138613863680e-01
3.447736470588237956e-01
3.485876504854369951e-01
3.227958461538462109e-01
7.366304000000004626e-01
1.203122716981132267e+00
2.069611962616823841e-01
6.768960000000000532e-01
2.210435669724770236e+00
4.740479999999999694e-01
2.480220540540540863e-01
1.109460000000000335e+00
2.920540884955752370e-01
1.007720421052631599e+00
7.429143652173917367e-01
9.467631724137932636e-01
3.340795897435898665e-01
1.073097355932203900e+00
1.643854789915966674e-01
4.982956000000002272e-01
7.895563636363637228e-01
4.392613770491806680e-01
2.083668292682926415e-01
9.205467096774194724e-01
2.094495744000000936e+00
7.282251428571430152e-01
7.357077165354332093e-01
5.895821250000004010e-01
9.856409302325590260e-02
2.878859076923076521e-01
7.824113587786258872e-01
7.270240000000001146e-01
