-8.828800000000001091e-01
-9.189600000000001101e-01
-9.352800000000001113e-01
-9.487200000000001188e-01
-9.516800000000000814e-01
-9.577600000000000557e-01
-9.582400000000000917e-01
-9.540800000000000392e-01
-9.562400000000000899e-01
-9.523200000000000554e-01
-9.579200000000001047e-01
-9.595200000000000395e-01
-9.654400000000000759e-01
-9.666400000000000547e-01
-9.625600000000000822e-01
-9.579200000000001047e-01
-9.680000000000000826e-01
-9.675200000000000466e-01
-9.713600000000001122e-01
-9.639200000000001101e-01
-9.658400000000000318e-01
-9.618400000000000283e-01
-9.435200000000000253e-01
-9.543200000000000571e-01
-9.358400000000001162e-01
-9.380800000000000249e-01
-9.424800000000000955e-01
-9.173600000000000643e-01
-8.889600000000000835e-01
-9.149600000000001065e-01
-9.064000000000000945e-01
-8.979200000000000514e-01
-8.780800000000000827e-01
-8.613600000000001256e-01
-8.508800000000000807e-01
-8.476800000000001001e-01
-8.540800000000000614e-01
-8.183200000000000474e-01
-8.248000000000000886e-01
-7.743200000000000083e-01
-7.782400000000000428e-01
-7.207200000000000273e-01
-7.277600000000000735e-01
-7.408800000000000940e-01
-6.996800000000000797e-01
-6.380800000000000916e-01
-6.125600000000001044e-01
-6.309600000000000763e-01
-5.773600000000000954e-01
-5.319200000000000594e-01
-5.248800000000000132e-01
-5.500000000000000444e-01
-5.414400000000000324e-01
-4.890400000000000302e-01
-4.843200000000000283e-01
-4.854400000000000381e-01
-4.434400000000000563e-01
-4.834400000000000364e-01
-4.732800000000000340e-01
-4.505600000000000160e-01
-4.504000000000000226e-01
-4.344000000000000083e-01
-4.464000000000000190e-01
-4.294400000000000439e-01
-4.146400000000000086e-01
-4.216000000000000303e-01
-4.117600000000000149e-01
-4.099200000000000066e-01
-3.936000000000000054e-01
-3.810400000000000453e-01
-3.800000000000000044e-01
-3.762400000000000189e-01
-3.790400000000000436e-01
-3.744000000000000106e-01
-3.796800000000000175e-01
-3.721600000000000463e-01
-3.552000000000000157e-01
-3.548000000000000043e-01
-3.446400000000000019e-01
-3.324000000000000288e-01
-3.305600000000000205e-01
-3.476000000000000201e-01
-3.224800000000000444e-01
-3.309600000000000319e-01
-3.225600000000000134e-01
-3.116000000000000436e-01
-3.249600000000000266e-01
-3.229600000000000248e-01
-3.192800000000000082e-01
-3.022400000000000087e-01
-2.975200000000000067e-01
-2.939200000000000146e-01
-2.885600000000000387e-01
-2.986400000000000166e-01
-3.004800000000000249e-01
-2.866400000000000059e-01
-2.964800000000000213e-01
-2.840799999999999992e-01
-2.728000000000000425e-01
-2.752800000000000247e-01
