4.571200000000000263e-01
5.904000000000000359e-01
6.348799999999999999e-01
6.689600000000001101e-01
6.769600000000000062e-01
6.976000000000001089e-01
7.536000000000000476e-01
7.692800000000000749e-01
8.001600000000000934e-01
8.342400000000000926e-01
8.675200000000000689e-01
8.848000000000000309e-01
9.030400000000000649e-01
9.316800000000000637e-01
9.428800000000000514e-01
9.577600000000000557e-01
9.795200000000000573e-01
9.812800000000000411e-01
9.841600000000000348e-01
9.788800000000000834e-01
9.804800000000001292e-01
9.787200000000000344e-01
9.689600000000000435e-01
9.731200000000000960e-01
9.643200000000000660e-01
9.620800000000000463e-01
9.678400000000000336e-01
9.360000000000000542e-01
9.318400000000001127e-01
9.484800000000001008e-01
9.408000000000000806e-01
9.379200000000000870e-01
9.206400000000001249e-01
9.014400000000000190e-01
8.827200000000000601e-01
8.899200000000000443e-01
8.955200000000000937e-01
8.684800000000000297e-01
8.771200000000001218e-01
7.923200000000000243e-01
8.025600000000000511e-01
6.764800000000000813e-01
6.940800000000000303e-01
7.356800000000001116e-01
6.128000000000000114e-01
4.766400000000000636e-01
3.734400000000000497e-01
4.262400000000000078e-01
1.528000000000000191e-01
8.448000000000001342e-02
6.240000000000000407e-02
-9.856000000000000871e-02
1.264000000000000123e-01
8.288000000000000922e-02
6.256000000000000449e-02
-4.624000000000000332e-02
7.119999999999999940e-02
6.880000000000000004e-02
7.264000000000001012e-02
-5.376000000000000223e-02
1.078400000000000053e-01
5.696000000000000368e-02
-9.600000000000000894e-03
1.248000000000000151e-02
-1.872000000000000053e-02
-9.136000000000001064e-02
-2.416000000000000092e-02
-3.296000000000000318e-02
7.152000000000000024e-02
7.040000000000000424e-02
-8.384000000000001174e-02
-3.280000000000000276e-02
-1.711999999999999980e-02
5.440000000000000391e-02
3.792000000000000232e-02
8.480000000000001426e-03
2.768000000000000321e-02
-4.128000000000000419e-02
-8.176000000000001322e-02
-1.568000000000000296e-02
2.736000000000000237e-02
-5.360000000000000181e-02
1.408000000000000050e-02
3.151999999999999941e-02
8.800000000000000530e-03
5.584000000000000768e-02
-8.848000000000000309e-02
1.088000000000000078e-02
4.832000000000000184e-02
2.096000000000000293e-02
-1.424000000000000092e-02
-1.872000000000000053e-02
-3.328000000000000402e-02
-5.760000000000000363e-03
-1.552000000000000081e-02
-1.728000000000000022e-02
3.712000000000000022e-02
1.024000000000000084e-02
2.592000000000000207e-02
-2.080000000000000251e-03
