3.137391799477765808e+00
2.822499456955562369e+00
3.242300576562773706e+00
3.989547658502596850e+00
5.445505403223954488e+00
6.692950823771055546e+00
8.891398655668544038e+00
1.201763046641351984e+01
1.077304202780945452e+01
8.030938448065118251e+00
7.867318379992246591e+00
7.254115816521868432e+00
4.644706845106692406e+00
4.821855093868423481e+00
4.577597904657506156e+00
3.951812994495188303e+00
3.580064507300107390e+00
2.968942143639246911e+00
2.973336730408300710e+00
2.658496393023117577e+00
