4.544000000350933988e-03
5.742685121173670901e-03
3.257221224351325960e-03
3.347666667003245614e-03
4.123722425206846967e-03
1.882371191184503863e-03
4.124023671250427953e-04
3.528360000377119693e-03
4.985689470633316786e-03
4.583183673408173196e-03
6.445654948684864487e-03
9.360000001947806980e-04
9.981155557256390573e-04
1.655115312177179478e-03
2.177014033607459816e-03
1.240250000092757432e-03
1.001462723873550523e-02
1.340951040021536901e-02
3.992581314889579944e-03
2.635508875861932842e-03
5.024364545723311506e-04
1.840992592597833974e-02
1.188864000010653350e-02
1.349582142860728667e-02
7.486581717450080213e-03
3.128447086852284391e-03
4.149524849374503811e-03
1.171764000012899196e-02
3.481990432685312664e-02
7.891567117630098743e-03
1.202866213159417899e-02
1.099209375005538725e-02
1.890452449713449570e-02
2.240400000005138281e-02
1.307440445534390205e-01
2.526178546717839160e-02
1.812447334594284587e-01
3.160855836738457603e-02
1.666012299150234494e-02
1.100730277778103477e-01
5.073199174335486783e-02
8.969414463115513159e-02
5.204277760004698966e-02
3.230498891968458519e-02
4.997093877551025271e-02
1.139376094674684481e-01
5.846434609840302915e-02
2.036702250001530198e-02
3.086180521263386448e-02
5.609937180250780531e-02
6.092709188562379918e-02
5.315357142858134071e-02
5.661533896194319987e-02
1.406005603028775974e-01
5.636269203331249061e-02
2.582910000000122053e-01
3.554971140009206138e-02
4.478828444445537987e-02
2.555211399590762156e-02
9.040552741021401495e-02
4.536807492196363867e-02
1.120452331371698251e-01
1.073048110803374589e-01
5.077462500001089785e-02
3.289060091401874858e-02
2.645167846731582770e-02
3.996622222223322751e-02
2.987170560000318095e-02
8.379780805804092070e-02
7.533150173010966233e-02
4.766184183241090749e-02
4.710569378698631349e-02
1.583189681632671264e-01
5.871063011748262755e-02
2.907398864529451427e-02
5.947822222222497179e-02
2.789365204949245669e-02
4.314960000000609558e-02
4.598318188458885153e-02
2.778755739796079718e-02
4.625294886052935123e-02
4.382144044321905491e-02
7.437182427221723791e-02
3.858892865636488756e-02
1.761110848126396997e-02
4.905974719908176573e-02
5.169739312195500980e-02
3.025121000000382740e-02
7.079682644628429444e-02
2.989379629132239355e-02
5.925357763236559910e-02
7.212103642039746632e-02
4.074818457600166283e-02
3.279456689342555298e-02
7.043923963048073777e-02
2.799176660156561108e-02
7.878022714983020855e-03
2.328939266272369094e-02
2.485516694831354026e-02
2.834900000000040166e-02
