4.870400000015706610e-02
1.863529411771397068e-02
2.148205714285852941e-02
3.924800000032746539e-02
1.877967567591784862e-02
4.446315789700268882e-03
7.581538461828620998e-03
7.180800000065800867e-03
8.705560975957314304e-03
3.218285714378258354e-03
1.159144186068937661e-02
3.840000000366216703e-03
5.819733333479840641e-03
1.882434782749481655e-03
2.741106383082490307e-03
1.055999999834966729e-03
6.723918367521147799e-03
4.266240000033576577e-03
2.029176470761526272e-03
9.585230769560510941e-03
6.375849060326423167e-04
1.020800000007208649e-02
3.993600000012520294e-03
8.146285714352481319e-03
7.447578947520876701e-03
2.949517241435826650e-03
1.106115254242468100e-02
8.447999999930287315e-03
2.091226229542192394e-02
1.825858064505096398e-02
2.078476190492784675e-02
1.372800000004303911e-02
2.027520000029443478e-02
1.740800000004583126e-02
1.355777910449405821e-01
1.167811764714636429e-02
1.475645217392312913e-01
1.422884571430229061e-01
2.010861971837290402e-02
3.624426666667849295e-01
9.558969863023901448e-02
1.425885405405976081e-01
1.925017599999955809e-01
8.270147368431793322e-02
1.459200000000789310e-01
5.997267692308346776e-01
4.396168101266034189e-01
1.754016000000376552e-01
2.400118518518581101e-01
2.548823414634164841e-01
3.216346987951808067e+00
1.196397714285714731e+00
1.000342588235295871e+00
1.324567813953489104e+00
4.020301241379311996e+00
6.107760000000002076e-01
4.210948314606750009e-01
1.264384000000000174e+00
8.198273406593411528e-01
1.465636173913043683e+00
3.993269677419364339e-01
5.038243404255325908e-01
1.694046315789473622e-01
1.689071999999999907e+00
8.796588865979383387e-01
3.609580408163268195e-01
1.298986666666667456e-01
1.293473280000000170e+00
6.821341782178226287e-01
4.654682352941182377e-01
9.576587184466024416e-01
9.866492307692310559e-01
7.168932571428572320e-01
1.366025660377358841e+00
6.695434766355140566e-01
2.215663999999999856e+00
1.419903412844036872e+00
6.577152000000001664e-01
7.669604324324331701e-01
2.047131428571429268e-01
1.038973168141593018e+00
5.510652631578949467e-01
7.811828869565218270e-01
3.881892413793104901e-01
3.914420512820513398e-01
6.717054915254239145e-01
2.651713613445385032e-01
9.066816000000001985e-01
9.044247272727274911e-01
3.913951475409835901e-01
6.454306341463414975e-01
1.304688000000000070e+00
1.868021760000001807e-01
2.763032380952381573e-01
8.002484409448819003e-01
4.886640000000000428e-01
6.521986976744188480e-01
4.968723692307692730e-01
4.039562748091604094e-01
7.452960000000000695e-01
