-9.751992000000000189e+03
-9.646631999999999607e+03
-9.500927999999999884e+03
-9.329567999999999302e+03
-9.107528000000000247e+03
-8.809079999999999927e+03
-8.457079999999999927e+03
-7.970144000000000233e+03
-7.279408000000000357e+03
-6.324912000000000262e+03
-5.776528000000000247e+03
-5.352304000000000087e+03
-5.006895999999999731e+03
-4.725912000000000262e+03
-4.469368000000000393e+03
-4.258863999999999578e+03
-4.056655999999999949e+03
-3.872255999999999858e+03
-3.711815999999999804e+03
-3.564744000000000142e+03
