2.465681999999999789e+03
2.449728000000000065e+03
2.426865999999999985e+03
2.398250000000000000e+03
2.357253999999999905e+03
2.297005999999999858e+03
2.212599999999999909e+03
2.058739999999999782e+03
1.717009999999999991e+03
-2.296839999999999975e+02
-5.859199999999999875e+01
1.135399999999999920e+01
4.790000000000000036e+00
5.847999999999999865e+00
-1.440399999999999991e+01
-2.786000000000000032e+00
7.650000000000000355e+00
-1.191999999999999948e+00
-3.938000000000000167e+00
-3.053999999999999826e+00
