1.827661682000515597e+00
2.458457726029310120e+00
2.964490190844347950e+00
3.592512827160854627e+00
5.101073191722602651e+00
6.159948807028525763e+00
7.197607256014972421e+00
1.159341589921042726e+01
1.401659244456316600e+01
1.313826887546064981e+01
8.373721870709232462e+00
6.628305760409729075e+00
5.608518811393778947e+00
5.498548222400698293e+00
3.841988376896949386e+00
3.813799358921809990e+00
3.669978957158456456e+00
3.402559223582987791e+00
2.749938363508050987e+00
2.535878314952949797e+00
