3.847679943111207024e+01
5.338048931886692827e+01
6.531415169832811785e+01
8.030503522836860952e+01
1.088068327719984154e+02
1.403588824405916284e+02
1.655626680341430301e+02
2.478038896087935825e+02
3.196571234724414126e+02
2.907973431068002128e+02
1.855277419260088436e+02
1.487247876567190872e+02
1.254450073380093613e+02
1.144036388669232878e+02
8.874985014295269536e+01
8.562455075364583479e+01
7.910106309649236778e+01
7.287250829850060541e+01
6.729874935617483800e+01
5.830633326722146847e+01
