1.330011680002013641e+00
2.187571157753565476e+00
3.175214228031118857e+00
4.849713569317441575e+00
8.633935123806720568e+00
1.687986310185988970e+01
3.363253333333253892e+01
1.211427092944065720e+02
5.256594378088625490e+02
5.859315621805814772e+03
1.769340224165161089e+03
7.309376840563146516e+02
4.965120040319361578e+02
3.860696389302505054e+02
3.155808487508380153e+02
2.190510767120721027e+02
1.763448392670157148e+02
1.482425081502537978e+02
1.271060948978653755e+02
1.116278126303030263e+02
