-8.686400000000000787e-01
-8.828000000000000291e-01
-8.942400000000000349e-01
-9.149600000000001065e-01
-9.302400000000000668e-01
-9.308000000000000718e-01
-9.300800000000001289e-01
-9.242400000000000615e-01
-9.245600000000000485e-01
-9.204000000000001069e-01
-9.137600000000001277e-01
-9.172800000000000953e-01
-9.229600000000001137e-01
-9.192000000000001281e-01
-9.169600000000001083e-01
-9.073600000000000554e-01
-9.018400000000000860e-01
-9.072000000000001174e-01
-9.148800000000000265e-01
-9.042400000000000437e-01
-9.132800000000000917e-01
-9.067200000000000815e-01
-9.107200000000000850e-01
-9.063200000000001255e-01
-8.884000000000000785e-01
-8.892000000000001014e-01
-9.072800000000000864e-01
-8.986400000000001054e-01
-8.846400000000000929e-01
-8.931200000000000250e-01
-8.713600000000000234e-01
-8.694400000000001016e-01
-8.794400000000001105e-01
-8.581600000000000339e-01
-8.703200000000000935e-01
-8.466400000000000592e-01
-8.438400000000000345e-01
-8.012000000000000233e-01
-8.131200000000000649e-01
-8.051200000000000578e-01
-7.780800000000001049e-01
-7.316800000000001081e-01
-7.338400000000000478e-01
-7.287200000000000344e-01
-6.477600000000000025e-01
-6.492800000000000793e-01
-6.089600000000000568e-01
-6.305600000000000094e-01
-5.466400000000000148e-01
-5.511200000000000543e-01
-5.420800000000000063e-01
-5.236000000000000654e-01
-5.010400000000000409e-01
-4.932800000000000518e-01
-5.104800000000000448e-01
-4.839200000000000168e-01
-4.698400000000000354e-01
-4.531200000000000228e-01
-4.556800000000000295e-01
-4.620800000000000463e-01
-4.429600000000000204e-01
-4.432000000000000384e-01
-4.311200000000000587e-01
-4.261600000000000388e-01
-4.217600000000000238e-01
-4.052800000000000291e-01
-4.114400000000000279e-01
-3.945600000000000218e-01
-3.967200000000000171e-01
-3.971200000000000285e-01
-3.728800000000000447e-01
-3.806400000000000339e-01
-3.781600000000000517e-01
-3.833600000000000341e-01
-3.696000000000000396e-01
-3.748800000000000465e-01
-3.588800000000000323e-01
-3.512000000000000122e-01
-3.515200000000000546e-01
-3.545600000000000418e-01
-3.447200000000000264e-01
-3.422400000000000442e-01
-3.444800000000000084e-01
-3.193600000000000327e-01
-3.242400000000000282e-01
-3.164000000000000146e-01
-3.172000000000000375e-01
-3.204000000000000181e-01
-3.284800000000000497e-01
-3.052800000000000513e-01
-3.148000000000000242e-01
-2.980000000000000426e-01
-2.935200000000000031e-01
-2.947200000000000375e-01
-2.957600000000000229e-01
-2.875199999999999978e-01
-2.772800000000000264e-01
-2.935200000000000031e-01
-2.829600000000000448e-01
-2.746399999999999952e-01
