-8.736000000000000709e-02
-9.712000000000001187e-02
-5.552000000000000685e-02
-8.416000000000001258e-02
-1.200000000000000094e-01
-1.782400000000000095e-01
-1.622400000000000231e-01
-1.646400000000000086e-01
-1.819200000000000261e-01
-1.908800000000000219e-01
-2.038400000000000212e-01
-2.177600000000000091e-01
-2.550400000000000444e-01
-2.736000000000000099e-01
-3.144000000000000128e-01
-3.419200000000000017e-01
-3.433600000000000541e-01
-4.257600000000000273e-01
-4.396800000000000153e-01
-4.708800000000000208e-01
-5.580800000000000205e-01
-6.000000000000000888e-01
-5.988800000000000789e-01
-6.198400000000000576e-01
-6.667200000000000903e-01
-6.771200000000000552e-01
-7.396800000000001152e-01
-8.185600000000000653e-01
-8.208000000000000851e-01
-8.176000000000001044e-01
-7.720000000000000195e-01
-8.272000000000000464e-01
-8.984000000000000874e-01
-9.011200000000000321e-01
-9.116800000000000459e-01
-8.900800000000000933e-01
-9.003200000000001202e-01
-8.174400000000000555e-01
-8.590400000000000258e-01
-8.481600000000000250e-01
-7.891200000000000436e-01
-7.078400000000000247e-01
-7.238400000000000389e-01
-7.534400000000001096e-01
-5.284800000000000608e-01
-5.579200000000000825e-01
6.944000000000000172e-02
2.963200000000000278e-01
-2.096000000000000293e-02
1.088000000000000078e-02
1.360000000000000098e-01
-7.280000000000000360e-02
1.792000000000000190e-02
-7.935999999999999999e-02
2.560000000000000209e-03
-1.022400000000000114e-01
1.332800000000000096e-01
-4.928000000000000436e-02
-1.280000000000000105e-03
5.984000000000000430e-02
-5.552000000000000685e-02
-3.840000000000000357e-02
-7.856000000000000483e-02
5.744000000000000494e-02
1.840000000000000316e-02
-2.704000000000000153e-02
4.256000000000000061e-02
-2.688000000000000111e-02
-3.536000000000000254e-02
4.464000000000000606e-02
5.536000000000000643e-02
-8.528000000000000858e-02
-2.288000000000000103e-02
7.264000000000001012e-02
-3.024000000000000299e-02
-2.784000000000000363e-02
4.848000000000000226e-02
-2.672000000000000069e-02
1.152000000000000073e-02
-6.224000000000000365e-02
-9.280000000000000054e-03
-4.112000000000000377e-02
3.504000000000000170e-02
-3.472000000000000086e-02
-4.624000000000000332e-02
-2.672000000000000069e-02
-2.048000000000000168e-02
-5.072000000000000119e-02
-2.032000000000000126e-02
-5.600000000000000117e-02
-2.544000000000000081e-02
4.320000000000000055e-03
2.112000000000000335e-02
3.840000000000000531e-03
-9.600000000000000894e-03
2.192000000000000198e-02
-1.952000000000000263e-02
2.288000000000000103e-02
1.184000000000000156e-02
3.472000000000000086e-02
