2.654645021677316308e+00
2.305649276542081960e+00
3.371349490553585238e+00
4.184607102015322155e+00
4.209352131586344470e+00
7.248935424254371540e+00
8.009420260726573204e+00
1.058552721922287709e+01
1.091220368528523110e+01
9.521817326338547716e+00
7.349800073111445897e+00
7.211906533818410736e+00
5.494194794478177712e+00
4.982615586360173765e+00
4.064298832477680534e+00
3.625814189141055799e+00
3.675567216770990520e+00
3.146431719179013431e+00
3.148724080366977596e+00
2.692521537929330577e+00
