6.225914311117595190e+01
5.293715745891130808e+01
7.623959003492585396e+01
9.065790745178135523e+01
1.062909050814522232e+02
1.573688731520464330e+02
1.898442215419241563e+02
2.292289000337001994e+02
2.504667881439309269e+02
2.247993509231524172e+02
1.683873108244128218e+02
1.523639717466347463e+02
1.215440809270427280e+02
1.068161254196686372e+02
9.382112914983515850e+01
8.257592160469332043e+01
7.922310561769477033e+01
7.168896549737021928e+01
6.865264521387639718e+01
6.020151842791926100e+01
