2.489600000000180557e-02
7.056564705882513444e-02
1.361334857142870447e-01
1.930133333333472478e-02
2.311783783784353286e-02
3.834947368426429998e-03
4.056123076923676130e-02
8.046720000000426309e-02
1.833834146341581720e-02
1.405988571428581912e-01
1.419460465117289814e-02
6.451200000000055501e-02
9.809066666662147327e-03
3.971478260872134819e-02
5.482212765959437045e-02
2.446400000001958119e-02
4.866220408165859018e-02
3.649536000007401471e-02
8.323764705905619538e-03
1.143729230769653243e-01
3.351305660382148527e-02
1.308266666667161071e-01
4.055040000007465589e-02
1.919657142860842214e-02
4.653810526321266322e-02
4.081986206914076099e-02
8.075715254246955410e-02
8.060800000157540557e-03
3.825836065582689099e-02
3.082838709687782397e-02
3.084190476204726541e-02
1.534500000006389087e-02
4.288984615406941231e-02
3.075200000012046075e-02
3.911928358209805501e-02
3.838870588253270877e-02
5.007582608699640697e-02
1.214098285715701081e-01
2.927053521134311692e-02
7.110400000003855303e-02
1.296420821918373989e-01
6.818335135137597314e-02
3.477478400001109970e-01
1.112690526316316292e-01
3.213531428571871351e-01
2.874486153846804171e-01
5.381322531645571505e-01
6.357384000000180224e-01
3.359383703703704427e-01
1.138677073170732135e-01
7.828395180722930169e-01
3.555200000000010574e-01
5.561020235294118486e-01
2.860777674418609196e-01
5.910929655172414421e-01
4.685760000000022685e-01
4.597990112359564563e-01
1.218412799999999852e+00
9.617955164835164661e-01
1.405145739130434945e+00
1.618654967741936179e+00
3.591523404255322349e-01
3.353411368421055361e-01
3.286888000000000254e+00
8.112692783505155436e-01
6.961841632653060774e-01
8.065920000000001977e-01
2.953441920000000387e+00
2.112836435643566380e-01
6.933157647058824091e-01
6.645418252427186534e-01
1.396356923076933210e-01
6.669092571428572036e-01
1.895400452830189542e+00
1.161876336448598224e+00
2.874451555555555426e+00
4.265852477064220882e-01
2.821632000000000584e-01
1.151915243243243347e+00
3.798582857142861480e-01
1.195821876106194726e+00
7.884058947368423054e-01
1.072234852173913344e+00
2.610140689655174318e-01
5.044250256410258704e-01
2.590958644067797856e-01
7.237770756302523978e-01
1.416377600000000125e+00
6.583156363636363251e-01
1.219506885245901673e+00
2.727399024390244064e-01
1.994409290322580963e+00
2.115548160000000899e-01
5.043489523809524533e-01
9.383433070866141756e-01
2.477640000000000398e-01
1.220392186046511895e+00
3.134857846153846217e-01
1.667496549618320723e+00
2.498560000000001891e-01
