-9.556800000000000850e-01
-9.970400000000000373e-01
-9.964800000000000324e-01
-9.966400000000000814e-01
-9.944000000000000616e-01
-9.959200000000000275e-01
-9.948800000000000976e-01
-9.944800000000000306e-01
-9.906400000000000761e-01
-9.909600000000000630e-01
-9.899200000000001332e-01
-9.865600000000001035e-01
-9.880800000000000693e-01
-9.768000000000001126e-01
-9.832000000000000739e-01
-9.762400000000001077e-01
-9.760800000000000587e-01
-9.756000000000001338e-01
-9.688000000000001055e-01
-9.616000000000001213e-01
-9.680000000000000826e-01
-9.592800000000001326e-01
-9.550400000000001111e-01
-9.426400000000000334e-01
-9.415200000000000236e-01
-9.458400000000001251e-01
-9.296000000000000929e-01
-9.274400000000000421e-01
-9.080800000000001093e-01
-9.101600000000000801e-01
-9.076000000000000734e-01
-8.974400000000001265e-01
-8.697600000000000886e-01
-8.534400000000000874e-01
-8.774400000000001087e-01
-8.605600000000001026e-01
-8.286400000000000432e-01
-8.532000000000000695e-01
-8.180800000000000294e-01
-7.613600000000000367e-01
-7.794400000000000217e-01
-7.558400000000000674e-01
-7.374400000000000954e-01
-6.562400000000000455e-01
-6.558400000000000896e-01
-6.352000000000000979e-01
-6.063200000000000811e-01
-5.665600000000000636e-01
-5.808800000000000630e-01
-5.675999999999999934e-01
-5.707200000000000051e-01
-5.446400000000000130e-01
-5.068000000000000282e-01
-5.091200000000000170e-01
-4.902400000000000646e-01
-4.844800000000000217e-01
-4.786400000000000654e-01
-4.761600000000000277e-01
-4.545600000000000196e-01
-4.500800000000000356e-01
-4.540800000000000392e-01
-4.276000000000000356e-01
-4.342400000000000149e-01
-4.313600000000000212e-01
-4.183200000000000252e-01
-3.970400000000000595e-01
-3.985600000000000254e-01
-3.969600000000000350e-01
-4.038400000000000323e-01
-3.891200000000000214e-01
-3.784000000000000141e-01
-3.840800000000000325e-01
-3.944800000000000528e-01
-3.573600000000000110e-01
-3.575200000000000045e-01
-3.634400000000000408e-01
-3.489600000000000479e-01
-3.502400000000000513e-01
-3.609600000000000031e-01
-3.384800000000000031e-01
-3.312000000000000499e-01
-3.277600000000000513e-01
-3.435200000000000475e-01
-3.252800000000000136e-01
-3.240000000000000102e-01
-3.157600000000000406e-01
-3.130400000000000404e-01
-3.124800000000000355e-01
-3.194400000000000017e-01
-3.172800000000000065e-01
-2.983999999999999986e-01
-2.964800000000000213e-01
-2.898400000000000420e-01
-2.985600000000000476e-01
-2.919200000000000128e-01
-2.809600000000000430e-01
-2.826400000000000023e-01
-2.837600000000000122e-01
-2.765600000000000280e-01
-2.854400000000000270e-01
