-7.567200000000000593e-01
-9.980800000000000782e-01
-9.981600000000000472e-01
-9.983200000000000962e-01
-9.971200000000001173e-01
-9.979200000000000292e-01
-9.972800000000000553e-01
-9.969600000000000684e-01
-9.952000000000000846e-01
-9.953600000000001335e-01
-9.944000000000000616e-01
-9.929600000000000648e-01
-9.935200000000000697e-01
-9.866400000000000725e-01
-9.910400000000000320e-01
-9.868800000000000905e-01
-9.864000000000000545e-01
-9.868800000000000905e-01
-9.827200000000000379e-01
-9.782400000000001095e-01
-9.817600000000000771e-01
-9.768800000000000816e-01
-9.735200000000000520e-01
-9.656000000000001249e-01
-9.671200000000000907e-01
-9.692000000000000615e-01
-9.572000000000000508e-01
-9.546400000000000441e-01
-9.371200000000000641e-01
-9.437600000000000433e-01
-9.410400000000000986e-01
-9.358400000000001162e-01
-9.096800000000000441e-01
-8.987200000000000744e-01
-9.198400000000001020e-01
-8.977600000000001135e-01
-8.697600000000000886e-01
-9.010400000000000631e-01
-8.478400000000000380e-01
-7.733600000000000474e-01
-7.696000000000000618e-01
-7.457600000000000895e-01
-7.682400000000000340e-01
-5.332800000000000873e-01
-4.352000000000000313e-01
-4.870400000000000285e-01
-7.760000000000000404e-03
7.663999999999999979e-02
-5.128000000000000613e-02
-1.217600000000000071e-01
-3.063200000000000367e-01
-2.680800000000000405e-01
-1.740800000000000125e-01
-4.864000000000000268e-02
-1.324800000000000144e-01
-1.796800000000000064e-01
7.648000000000000631e-02
3.992000000000000409e-02
8.520000000000001183e-02
8.304000000000000270e-02
-2.776000000000000342e-02
1.044800000000000034e-01
3.904000000000000525e-02
5.536000000000000643e-02
-7.552000000000000379e-02
-1.575999999999999970e-02
-1.044800000000000034e-01
-3.920000000000000567e-02
1.944000000000000242e-02
-5.800000000000000294e-02
-3.920000000000000741e-03
-3.416000000000000286e-02
6.144000000000000850e-02
-6.376000000000001111e-02
-4.784000000000000058e-02
-2.168000000000000135e-02
6.256000000000000449e-02
-1.176000000000000101e-01
6.496000000000000385e-02
-2.168000000000000135e-02
-2.648000000000000353e-02
3.200000000000000262e-04
2.408000000000000071e-02
4.592000000000000248e-02
3.208000000000000435e-02
1.976000000000000326e-02
-7.272000000000000686e-02
-1.824000000000000274e-02
4.000000000000000192e-04
-2.640000000000000333e-02
-5.120000000000000419e-03
-5.864000000000000462e-02
2.824000000000000121e-02
1.856000000000000011e-02
-9.680000000000001104e-03
5.392000000000000265e-02
-3.287999999999999950e-02
3.720000000000000390e-02
2.480000000000000000e-03
5.232000000000000539e-02
