3.238400000009278301e-02
1.749936332217031515e-02
8.591098775649865654e-03
9.088444445189403781e-03
1.272753834958248453e-02
1.072710249342746260e-02
8.522982248816667050e-03
1.251261000028847450e-02
1.721669482464180737e-02
2.648171428595049587e-02
1.568065765310228468e-02
1.958400000043524630e-02
1.969557333349560360e-02
8.893156900059378742e-03
6.467940244714053856e-03
4.371881250009934661e-02
2.459389254496861105e-02
6.889449600017742703e-02
2.880553633237459624e-02
3.866272189349259647e-02
3.945056603791717575e-02
6.853081481501620276e-02
6.391296000021610968e-02
3.034198469385993718e-02
3.040217174521506541e-02
3.108246848988108907e-02
5.806331513926360488e-02
9.564324000008125881e-02
2.916799140024980627e-02
7.896553173783212032e-02
6.315047619049511674e-02
1.163698593751102406e-01
1.248589405917771844e-01
1.678240000001096632e-01
7.435378569835551787e-02
7.868307612463161516e-02
1.028239243857036050e-01
8.201725714291677183e-02
3.409449236270124112e-02
6.198225000008112523e-02
3.067264852694364871e-02
1.949095222790817039e-01
1.092089856000562909e-01
2.769559279782109890e-02
8.627069387757170527e-02
5.687715976335808860e-02
2.797695266784355206e-01
6.810606000000221649e-02
1.105007187928699064e-01
3.665414634147972500e-02
7.927679721297692383e-02
5.263746938776962814e-02
7.684647197232644111e-02
6.022541049216451753e-02
8.300168370989036148e-02
1.020240000000000730e-01
1.550386244161266747e-01
2.481521777777679835e-02
2.418866127281032313e-02
3.278116446125870637e-02
4.118583142560797855e-02
3.420317790856060997e-02
4.987994060942850527e-02
5.149306250000384999e-02
5.016460155170607976e-02
1.107795568513160328e-01
7.764622222223098447e-02
4.003338240001218240e-02
8.645556161160936059e-02
8.789707958478658323e-02
3.685498727496036575e-02
1.290191139053327718e-01
3.832331755102771909e-02
6.249596155215848131e-02
1.066685439776405946e-02
1.983951851852263845e-02
5.108849962125226046e-02
2.268864000000462428e-02
2.451606720234283943e-02
8.118745025510633317e-02
7.988103688621460419e-02
2.316898614958522173e-02
1.605247758034198530e-02
1.264327705113032184e-02
3.205028270874733104e-02
6.872619247342968973e-02
4.712637695078322059e-02
6.483664000000090299e-02
2.544515702479534583e-02
8.483020263370277814e-02
2.692663890541696636e-02
2.967156711758859797e-02
2.094336921600265314e-02
6.648250340136173386e-02
2.414340479880978246e-02
3.085783593750039688e-02
4.230196646836421187e-02
2.957028071006164230e-02
3.452208053143930588e-02
3.645600000000115415e-02
