1.790158549434380131e+00
2.120502718008062448e+00
2.950851973183845622e+00
3.867234212042985675e+00
5.536465037499305630e+00
5.987015493347002781e+00
8.854671511081120272e+00
1.058264109747648973e+01
1.818447419948057941e+01
1.159656874293784945e+01
9.097011866455909868e+00
7.659680635695331752e+00
5.716438943898120684e+00
5.514567291258630100e+00
4.377411772268976264e+00
4.202399356944741093e+00
3.415913535975497073e+00
3.158669667407955739e+00
2.985979116307057257e+00
2.612854642198527255e+00
