1.372591786657770374e+00
1.989616591426184078e+00
3.177812575711941534e+00
5.552287879645560587e+00
9.023995224652024305e+00
1.652186816213230358e+01
5.388748520916237794e+01
7.545287855182550629e+01
7.648215264167820351e+02
6.471923606301565997e+03
2.491732671559570008e+03
8.728710963146997983e+02
6.433251288479042387e+02
3.375281095090558665e+02
3.045650491307262655e+02
2.327579681960361029e+02
1.844591298080279387e+02
1.628755558659898384e+02
1.311350704183907965e+02
1.097171442181818009e+02
