1.500000000000000000e+00
1.594736842105263230e+00
1.689473684210526239e+00
1.784210526315789469e+00
1.878947368421052477e+00
1.973684210526315708e+00
2.068421052631578938e+00
2.163157894736841946e+00
2.257894736842104955e+00
2.352631578947368407e+00
2.447368421052631415e+00
2.542105263157894868e+00
2.636842105263157876e+00
2.731578947368420884e+00
2.826315789473683893e+00
2.921052631578946901e+00
3.015789473684210353e+00
3.110526315789473806e+00
3.205263157894736814e+00
3.299999999999999822e+00
