-9.757760000000000218e+03
-9.645639999999999418e+03
-9.504984000000000378e+03
-9.331000000000000000e+03
-9.100984000000000378e+03
-8.818463999999999942e+03
-8.456407999999999447e+03
-7.957152000000000044e+03
-7.256015999999999622e+03
-6.358448000000000320e+03
-5.754359999999999673e+03
-5.345735999999999876e+03
-5.016423999999999978e+03
-4.719391999999999825e+03
-4.481136000000000422e+03
-4.245872000000000298e+03
-4.061039999999999964e+03
-3.874423999999999978e+03
-3.716056000000000040e+03
-3.574664000000000215e+03
