-3.974400000000000155e-01
-2.880000000000000338e-01
-2.590400000000000480e-01
-2.128800000000000137e-01
-2.376800000000000301e-01
-1.872800000000000020e-01
-3.490400000000000169e-01
-3.648800000000000376e-01
-4.888800000000000368e-01
-4.980000000000000537e-01
-5.749600000000000266e-01
-5.712800000000000100e-01
-3.885600000000000165e-01
-4.099200000000000066e-01
-4.187200000000000366e-01
-5.294400000000000217e-01
-4.760800000000000587e-01
-4.707200000000000273e-01
-3.958400000000000252e-01
-4.792800000000000393e-01
-4.392000000000000348e-01
-3.868000000000000327e-01
-3.437600000000000100e-01
-3.938400000000000234e-01
-5.052000000000000934e-01
-5.010400000000000409e-01
-7.000800000000000356e-01
-9.298400000000001109e-01
-9.508800000000000585e-01
-9.392000000000000348e-01
-9.401600000000001067e-01
-9.424000000000001265e-01
-9.160800000000001164e-01
-9.088000000000000522e-01
-8.830400000000000471e-01
-9.017600000000001170e-01
-8.620000000000000995e-01
-8.600800000000000667e-01
-8.774400000000001087e-01
-8.178400000000000114e-01
-7.640000000000000124e-01
-7.472000000000000863e-01
-6.074400000000000910e-01
-7.376000000000000334e-01
-5.687200000000000033e-01
-3.591200000000000503e-01
-2.376000000000000056e-01
4.640000000000000027e-03
-1.615200000000000247e-01
-2.167200000000000237e-01
1.445600000000000218e-01
-1.503200000000000092e-01
1.400000000000000029e-02
-4.544000000000000122e-02
4.856000000000000594e-02
2.720000000000000195e-03
1.264000000000000019e-02
1.372000000000000164e-01
-1.155200000000000116e-01
-8.960000000000000950e-03
-5.600000000000000810e-03
4.640000000000000027e-03
7.976000000000001144e-02
1.304800000000000126e-01
4.632000000000000700e-02
2.856000000000000205e-02
-4.648000000000000048e-02
7.368000000000000937e-02
1.120000000000000023e-01
9.024000000000000077e-02
2.128000000000000030e-02
-5.728000000000000452e-02
-5.656000000000000610e-02
3.408000000000000612e-02
-2.480000000000000260e-02
3.552000000000000296e-02
-1.320000000000000166e-02
9.120000000000000329e-02
3.992000000000000409e-02
-2.840000000000000163e-02
-1.520000000000000084e-03
-2.152000000000000093e-02
1.472000000000000045e-02
3.512000000000000538e-02
5.736000000000000126e-02
1.296000000000000103e-02
1.704000000000000306e-02
-1.520000000000000170e-02
1.632000000000000117e-02
5.136000000000000287e-02
-9.680000000000001104e-03
-1.808000000000000232e-02
-1.528000000000000191e-02
3.448000000000000370e-02
-8.160000000000000586e-03
-1.304000000000000124e-02
6.320000000000000097e-03
1.056000000000000168e-02
-3.160000000000000309e-02
1.160000000000000094e-02
