1.997169133545336761e+00
2.252122482141056370e+00
2.903859431277717729e+00
3.638409953779659034e+00
4.912390395857186398e+00
5.727248734070943925e+00
7.906844916047483629e+00
1.070120880327518620e+01
1.624582331592931794e+01
1.346872095663083435e+01
8.012616446908792156e+00
7.063631196653796351e+00
6.398118761061805770e+00
4.615418813849927915e+00
4.047117348930703962e+00
3.999924631975543932e+00
2.963075245418322456e+00
3.242417768962565283e+00
2.732023200312351463e+00
2.452393058157135819e+00
