9.856000000581843778e-03
1.237465743990428559e-02
9.686321633261640515e-03
8.456555555985309156e-03
5.969215486239958825e-03
7.770814404703813884e-03
1.530471005927593227e-02
7.143840000224770115e-03
2.010860202280177408e-02
4.203885714311850902e-02
4.155751217094970536e-03
1.998000000020282857e-02
1.480824888916281758e-02
6.785149338562088822e-03
8.999902218342360413e-03
2.411681250015362821e-02
5.261307788544584453e-03
3.237379200007435565e-02
4.276617301055132131e-02
1.832613017767262958e-02
3.039430402282326457e-02
3.160340740743586979e-02
6.797376000019539344e-02
2.386910204087597936e-02
1.071986260389087703e-01
9.118076575515678128e-02
2.470694168349903477e-02
2.476144000021121908e-02
8.206277882292623005e-02
1.061123413124795758e-02
3.606842630387437770e-02
4.308781640627667997e-02
5.884569372786412067e-02
5.419600000004720641e-02
7.877868211189133218e-02
9.594127681663559837e-02
1.859914102079882892e-01
6.821673795921874561e-02
1.082873429875498700e-01
6.696677777778840823e-02
8.739465115411933216e-02
7.626659167277970164e-02
4.490280960002566296e-02
8.900538781163538915e-02
6.812375510206464257e-02
2.034976568047706103e-01
1.476782413074940736e-01
5.213315250001594042e-02
3.212325925929609971e-02
1.714025104104852648e-01
2.832759471622011901e-02
4.211787755102962966e-02
9.397866519033237775e-02
8.174862087616797945e-02
1.479762378121473876e-01
2.511900000000187941e-02
1.028612124731804883e-01
4.121528888890287762e-02
7.393785291632602730e-02
4.125642533082560237e-02
5.856148178981616936e-02
7.288461566319912044e-02
2.363292897507514659e-02
5.240056250000979521e-02
5.240903645446326475e-02
4.819539358601500345e-02
3.335822222223011613e-02
1.838057760000179688e-02
3.832220997942423213e-02
2.436579930796244076e-02
1.435455767744423794e-01
7.193843786982791200e-02
1.141196930612314586e-01
3.192797579209850217e-02
7.593570652459327719e-02
3.910241975309101947e-02
4.503607575120181089e-02
4.783824000000663074e-02
6.563025858290806591e-02
2.636380102041679593e-02
3.884751006343650087e-02
5.246104155125006635e-02
3.889932703214023235e-02
5.633276575505177103e-02
4.744663773833722453e-02
3.213003619649836690e-02
6.376659840407081226e-02
9.518344000000197869e-02
2.042657851239796166e-02
3.016070518677840123e-02
2.913328732897389403e-02
1.879289906347747854e-02
3.383434137600193486e-02
1.309214512471883370e-02
3.792250579701401253e-02
4.151918847656544537e-02
2.397854840454585051e-02
4.122374059171644844e-02
1.236260264553546741e-02
1.584099999999999397e-02
