3.903360000000475338e-01
1.229929411765039310e-01
2.286390857143016930e-01
4.301586666666886161e-01
2.895437837838238729e-02
6.320715789474798396e-02
4.793969230771958495e-02
7.509480000005054612e-02
2.757061463415350633e-01
1.556971428571663207e-01
1.947583255814950565e-01
1.299480000000130253e-01
8.589973333334530170e-02
9.761113043480630636e-02
1.629385531915151231e-01
1.121560000000059176e-01
1.455663673470057040e-01
1.730150400000980138e-01
3.271115294117688532e-01
7.888523076926373667e-02
5.459320754719123453e-02
1.128844444444610101e-01
2.521056000000498898e-01
9.316371428574805880e-02
1.938315789474185646e-01
1.875401379310919214e-01
2.134283389831642119e-01
7.956079999996744367e-02
1.386995409837433191e-01
4.734967741961965126e-02
3.131123809526754898e-02
3.795000000032189291e-02
7.448049230780759422e-02
7.312000000001717126e-02
1.703469850748077496e-01
1.018418823531352657e-01
3.696382608696675010e-01
3.014804571429587354e-01
1.982305352112875285e-01
3.159273333334435274e-01
6.929095890421020643e-02
1.456994594595711345e-01
3.925574400000278463e-01
1.502021052632472042e-01
3.670560000000315237e-01
4.208363076923131718e-01
7.342541772151978119e-01
5.904095999999999789e-01
2.450245925925902957e-01
8.761516097560976268e-01
2.893249156626541141e-01
4.756337142857169908e-01
1.709508705882353263e+00
7.548926511627910285e-01
1.581578482758620341e+00
5.853839999999999044e-01
4.964149213483146639e-01
3.110800000000018550e-01
3.708996923076928187e-01
1.615909565217391319e-01
2.317068387096774096e+00
2.666737021276596176e-01
1.021991242105263487e+00
2.197195000000025100e-01
1.694444536082475306e-01
8.172200816326532502e-01
1.044746666666667850e-01
3.362779200000011737e-01
2.050312871287142125e-01
1.527038117647060211e+00
8.839642718446606706e-02
9.588480000000002557e-01
5.238816000000003914e-01
2.023535094339623530e-01
6.764321495327103584e-01
1.854062222222222778e-01
1.498672293577981485e+00
4.785600000000016507e-01
4.668709189189190201e-01
4.987007142857143860e-01
4.546827610619469384e-01
3.792753684210528053e-01
2.164524521739130680e-01
2.941733793103449290e-01
1.168373743589743885e+00
8.307319322033900333e-01
9.640703193277311289e-01
3.266560000000000019e-01
5.408465454545454687e-01
5.996521967213119808e-01
1.461267902439024269e+00
4.805821935483871044e-01
3.297634560000000659e-01
3.369520000000001403e-01
3.636797480314961084e-01
3.495566250000000652e-01
4.931642790697675083e-01
2.844539076923077170e-01
3.471297709923665264e-01
1.281700000000000061e+00
