-8.897600000000001064e-01
-9.110400000000000720e-01
-9.128000000000000558e-01
-9.204800000000000759e-01
-9.170400000000000773e-01
-9.193600000000000660e-01
-9.131200000000000427e-01
-9.174400000000000333e-01
-9.140800000000001146e-01
-9.284000000000001140e-01
-9.180000000000000382e-01
-9.253600000000000714e-01
-9.256000000000000894e-01
-9.120800000000001129e-01
-9.228000000000000647e-01
-9.210400000000000809e-01
-9.176000000000000822e-01
-9.320800000000001306e-01
-9.312000000000000277e-01
-9.238400000000001056e-01
-9.172800000000000953e-01
-9.356800000000000672e-01
-9.260800000000001253e-01
-9.218400000000001038e-01
-9.187200000000000921e-01
-9.096000000000000751e-01
-9.004000000000000892e-01
-9.018400000000000860e-01
-9.168800000000000283e-01
-8.867200000000000637e-01
-8.869600000000000817e-01
-9.007200000000000761e-01
-8.885600000000001275e-01
-8.536800000000001054e-01
-8.100000000000000533e-01
-8.569600000000000550e-01
-8.432800000000000296e-01
-8.292000000000000481e-01
-8.324000000000000288e-01
-7.883200000000000207e-01
-7.721600000000000685e-01
-7.328800000000000869e-01
-7.572000000000000952e-01
-6.916000000000001036e-01
-7.206400000000000583e-01
-6.344000000000000750e-01
-6.147200000000000442e-01
-6.159200000000000230e-01
-5.628800000000000470e-01
-5.768000000000000904e-01
-5.409599999999999964e-01
-5.428800000000000292e-01
-5.131200000000000205e-01
-5.020000000000000018e-01
-5.246399999999999952e-01
-5.220799999999999885e-01
-4.871200000000000530e-01
-4.758400000000000407e-01
-4.671200000000000352e-01
-4.483200000000000518e-01
-4.418400000000000105e-01
-4.704800000000000648e-01
-4.240800000000000125e-01
-4.052800000000000291e-01
-4.177600000000000202e-01
-4.146400000000000086e-01
-4.107200000000000295e-01
-4.040800000000000503e-01
-3.960000000000000187e-01
-3.940800000000000414e-01
-3.889600000000000279e-01
-3.703200000000000380e-01
-3.935200000000000364e-01
-3.752800000000000580e-01
-3.683200000000000363e-01
-3.452000000000000068e-01
-3.526400000000000090e-01
-3.598400000000000487e-01
-3.424800000000000066e-01
-3.513600000000000056e-01
-3.393600000000000505e-01
-3.267200000000000104e-01
-3.338400000000000256e-01
-3.483200000000000185e-01
-3.316000000000000059e-01
-3.210400000000000476e-01
-3.324000000000000288e-01
-3.201600000000000001e-01
-3.050400000000000333e-01
-3.101600000000000468e-01
-3.066400000000000237e-01
-2.983999999999999986e-01
-2.932800000000000407e-01
-2.996000000000000330e-01
-2.819200000000000039e-01
-2.948800000000000310e-01
-2.834400000000000253e-01
-2.894400000000000306e-01
-2.668800000000000061e-01
-2.970400000000000262e-01
