-2.532800000000000051e-01
-3.499200000000000088e-01
-3.734400000000000497e-01
-3.608000000000000096e-01
-4.120000000000000329e-01
-4.166400000000000103e-01
-4.659200000000000563e-01
-4.939200000000000257e-01
-4.849600000000000577e-01
-5.423999999999999932e-01
-5.436800000000000521e-01
-5.172800000000000731e-01
-5.281600000000000739e-01
-5.388800000000000257e-01
-6.000000000000000888e-01
-5.939200000000000035e-01
-5.856000000000000094e-01
-6.480000000000000204e-01
-6.635200000000001097e-01
-6.680000000000000382e-01
-7.004800000000001026e-01
-7.526400000000000867e-01
-7.932800000000000962e-01
-8.113600000000000811e-01
-8.569600000000000550e-01
-8.744000000000000661e-01
-9.227200000000000957e-01
-9.414400000000000546e-01
-9.457600000000000451e-01
-9.238400000000001056e-01
-9.118400000000000949e-01
-9.280000000000000471e-01
-9.260800000000001253e-01
-8.764800000000000368e-01
-8.212800000000001210e-01
-8.886400000000000965e-01
-8.888000000000000345e-01
-8.675200000000000689e-01
-8.804800000000000404e-01
-7.950400000000000800e-01
-7.792000000000001148e-01
-7.404800000000000271e-01
-7.961600000000000898e-01
-6.662400000000000544e-01
-7.268800000000000816e-01
-4.048000000000000487e-01
-3.740800000000000236e-01
-1.395200000000000051e-01
-2.009600000000000275e-01
-2.176000000000000156e-01
-1.856000000000000011e-02
-2.272000000000000061e-02
1.583999999999999991e-02
-3.936000000000000609e-02
-1.092800000000000021e-01
1.793600000000000194e-01
1.528000000000000191e-01
1.763200000000000045e-01
-1.307200000000000029e-01
7.248000000000000276e-02
1.048000000000000043e-01
1.080000000000000127e-01
-6.240000000000000754e-03
2.240000000000000324e-02
3.056000000000000383e-02
-7.888000000000000567e-02
3.184000000000000025e-02
-1.152000000000000073e-02
8.624000000000001109e-02
2.400000000000000050e-02
-1.168000000000000115e-02
-1.632000000000000117e-02
3.712000000000000022e-02
6.720000000000000279e-03
3.808000000000000274e-02
2.352000000000000271e-02
1.824000000000000274e-02
4.096000000000000335e-02
-4.576000000000000206e-02
5.008000000000000645e-02
4.080000000000000293e-02
-2.704000000000000153e-02
-8.768000000000000793e-02
-1.163200000000000067e-01
-6.016000000000000514e-02
-2.016000000000000084e-02
2.608000000000000249e-02
3.584000000000000380e-02
1.056000000000000168e-02
2.080000000000000251e-03
-1.392000000000000182e-02
2.192000000000000198e-02
1.632000000000000117e-02
1.216000000000000067e-02
1.136000000000000031e-02
3.856000000000000399e-02
5.280000000000000838e-03
-3.760000000000000148e-02
-1.808000000000000232e-02
-1.904000000000000137e-02
