1.273600000035912672e-02
5.667321799564636192e-03
2.275787755420146177e-03
8.604444445647158003e-04
2.852241344080300861e-02
1.781012742412586836e-02
8.293869822708441891e-03
9.104040000227938204e-03
9.992109458763371796e-03
1.827346938934429647e-03
7.397425635550116015e-03
4.329000000069526365e-03
5.506844444725073062e-03
9.461330813072569776e-03
1.565714803070883746e-02
1.346881250016984666e-02
5.384676384836897117e-02
1.596038400130237464e-03
2.384830449841423422e-02
8.093396449782347749e-03
5.731497330172739303e-03
8.030814814918376537e-03
3.043584000010014085e-02
2.045208673469536484e-02
1.728992797793164893e-02
5.490321046349529513e-03
1.944620511359942960e-02
1.258884000006161956e-02
3.319503789320851078e-02
6.773783975025944593e-02
2.397391383231040410e-02
2.028687890629354840e-02
2.351105893503651137e-02
7.139600000004975300e-02
2.695693472934520066e-02
7.747349481007565104e-03
4.431573534975111889e-02
4.681366530617568633e-02
4.066521721889338609e-02
6.985733333335394923e-02
2.921765134177994536e-02
2.592917750188114545e-02
1.502490880000179885e-01
1.376333102493109695e-01
5.664783673470843994e-02
4.633798816571695761e-02
4.294997852909445551e-02
6.318650250002307012e-02
1.401249711934245412e-01
1.648594408090612584e-01
3.155491711425676554e-02
1.138980408163590141e-01
1.198674734948230042e-01
4.204046511629867117e-02
9.768858026161461594e-02
1.176390000000164388e-01
6.297584850398167677e-02
4.133575111112665346e-02
2.589487086100882296e-01
2.425114480151366048e-01
2.097185598335138956e-01
1.021244382073465129e-01
3.090756963988993203e-02
6.251162499999912692e-02
1.205476356679849731e-01
1.512009146189101649e-01
5.184711111112012827e-02
4.434233760000319546e-02
4.078865993530977896e-02
1.272869757785485278e-01
4.712971100010019537e-02
7.572899556213461003e-02
9.641912163265635438e-02
2.606621715913457621e-02
8.468347069613745004e-02
3.863783950618282503e-02
3.601243531689840571e-02
1.839744000000848728e-02
7.369103287071070152e-02
5.236089795918422857e-02
4.374216806327927559e-02
5.516259279778760322e-02
5.899917913043532108e-02
7.187141022592037631e-02
1.825325969756801114e-01
8.304180293019763903e-02
8.825198785396598522e-02
1.732236000000107051e-02
5.184119008264721079e-02
1.418948562214515652e-02
6.454216299821789737e-02
4.190553590010583085e-02
3.187504742400241314e-02
5.597827664399285252e-02
3.081419654039403017e-02
4.048017187500033837e-02
4.973603893996989683e-02
5.133997065089003498e-02
2.481861523221337920e-02
6.068100000000242744e-02
