7.526400000003263813e-02
2.459858823536699435e-02
1.864594285717658187e-02
9.386666666676054746e-03
1.369945945949851106e-02
1.717389473687316176e-02
1.305107692321773663e-02
2.196479999997506816e-02
3.214360975610683346e-02
1.533714285727683091e-02
9.872372093050852532e-03
3.648000000083583948e-03
2.740906666674618186e-02
1.657460869572609588e-02
2.628765957451058982e-02
1.236400000004778121e-02
1.831836734708749276e-02
3.653760000004240699e-02
1.971200000010707096e-02
3.411692307707443750e-02
2.554324528308533904e-02
1.364977777791409781e-02
6.182400000079723776e-03
4.676571428689157983e-03
1.885978947372055417e-02
1.383724137956270604e-02
2.849410169521002581e-02
1.087680000030104462e-02
1.814242622970700311e-02
1.338394838711895185e-01
1.019123809547160114e-02
1.336500000002160959e-02
9.130338461804617112e-03
7.171200000016142440e-02
5.724465671646816745e-02
1.891482352943498965e-02
6.427826086963289720e-02
4.951131428590867939e-02
6.115876056347447493e-02
4.587733333349320458e-02
4.527780821915992904e-02
2.409107027027384829e-01
4.834790400001748312e-01
2.492437894736967141e-01
1.156388571428448864e-01
1.187323076923339910e-01
2.983801518987454493e-01
5.385864000000030183e-01
1.315932444444446903e+00
7.224585365854092889e-02
2.801326265060241627e-01
2.230196571428571417e+00
2.560240941176471496e-01
2.792014883720932428e-01
1.220007724137931460e+00
1.698815999999998771e+00
4.209761797752856194e-01
7.152874666666713122e-01
3.749612307692347102e-01
1.494377739130435145e+00
2.318203870967742830e+00
1.234396595744683189e+00
6.977158736842105080e-01
4.475900000000000434e-01
6.763625567010311812e-01
1.972694204081633318e+00
3.175765333333333551e+00
2.549205120000000324e+00
1.411150574257426626e+00
1.242870588235294171e+00
1.577971572815534351e+00
2.908264615384615892e-01
5.141412571428574108e-01
7.954070943396227555e-01
7.998163738317758398e-01
8.599751111111110236e-01
8.852767706422018934e-01
8.837568000000002311e-01
8.929193513513513647e-01
2.156502857142860163e-01
6.440665486725667410e-01
4.358130526315791009e-01
5.656670608695656410e-01
2.522747586206892656e-01
6.785296410256411725e-01
2.818804067796610302e-01
1.650128672268907692e+00
6.041904000000002384e-01
7.608261818181818459e-01
4.219845245901638897e-01
3.351040000000000130e-01
2.884583225806451323e-01
2.061480960000000584e-01
1.405804190476190429e+00
1.068705259842519739e+00
6.531360000000001609e-01
2.746582325581395922e-01
1.824768000000000390e+00
1.143639938931297673e+00
9.094400000000005257e-02
