-9.119064000000000306e+03
-9.002927999999999884e+03
-8.834239999999999782e+03
-8.632200000000000728e+03
-8.384495999999999185e+03
-8.110511999999999716e+03
-7.713247999999999593e+03
-7.260055999999999585e+03
-6.718024000000000342e+03
-6.170184000000000196e+03
-5.700079999999999927e+03
-5.316952000000000226e+03
-4.983279999999999745e+03
-4.695935999999999694e+03
-4.451511999999999716e+03
-4.238904000000000451e+03
-4.046824000000000069e+03
-3.865248000000000047e+03
-3.695463999999999942e+03
-3.556096000000000004e+03
