6.430794581333795179e+01
6.042490040356092607e+01
7.690776988576513418e+01
9.380736457217238922e+01
1.027367097461815320e+02
1.447628552819931542e+02
1.483331771271351442e+02
1.976706879535858832e+02
2.354491168387896209e+02
2.096417733534014758e+02
1.765133632614138435e+02
1.564926301733467824e+02
1.329783437803047264e+02
1.098351875538234879e+02
9.408573652518288100e+01
8.033572356155659122e+01
7.397769379898795705e+01
7.152769212786471087e+01
6.459116819758524741e+01
5.852360474563882065e+01
