3.712395344350796211e+00
2.749790840016288485e+00
3.307137077260903002e+00
4.045092707199763993e+00
4.664806969919309765e+00
6.345374915324246246e+00
6.784607097825738009e+00
8.633575729451974823e+00
1.022564160508258801e+01
1.085759077397623606e+01
8.079604444706129485e+00
7.058211094232504479e+00
5.689373703817569350e+00
4.877135118333357333e+00
4.064802048414132507e+00
3.887096504875283909e+00
3.218297920284630909e+00
3.279565295803058333e+00
2.688777435568153518e+00
2.571428775398225230e+00
